106.793933
211.244817
284.146998
331.332249
363.864107
310.881516
198.355015
117.181939
60.527138
-7.222114
-65.204448
-125.217029
-156.100901
-99.279854
-13.106997
49.208893
97.268207
142.968935
196.003227
197.095034
203.005447
218.548835
208.769787
170.992012
95.153255
18.973004
-59.696689
-118.482934
-166.939163
-184.483847
-184.513687
-209.474128
-230.513613
-265.989909
-258.435663
-245.660417
-269.939538
-279.494024
-274.661099
-270.235956
-225.755786
-192.910111
-175.125688
-157.336616
-134.376107
-129.720918
-130.295582
-123.529082
-103.570855
-83.838459
-113.774265
-172.467519
-208.150898
-206.901540
-148.282226
-62.563677
54.275283
150.912173
185.223023
187.688450
128.234986
58.805347
0.421737
5.228922
29.329931
73.247804
115.442792
160.613474
165.696609
144.519487
67.954823
47.269586
34.387374
41.117375
70.256045
101.310295
132.840926
138.113984
147.028778
130.824558
196.185701
254.595197
292.912826
275.591156
217.026885
162.719093
155.357397
134.491245
120.592016
85.576024
50.609946
10.189104
-16.357333
-65.629310
-90.721796
-132.545163
-149.742779
-169.894695
-198.838296
-215.226855
-219.819862
-189.888537
-182.405884
-180.179413
-184.867271
-194.900661
-164.562287
-96.250464
-33.554239
4.462451
10.866409
-11.234563
-15.218459
-19.719867
-17.585507
-18.879900
-27.014360
-33.232290
-27.036777
17.866524
62.016252
125.386012
128.554600
118.172829
47.587640
-46.672486
-110.035781
-196.982171
-251.239661
-266.612381
-218.923108
-123.298868
-19.315851
69.535486
153.065187
191.000128
200.614267
164.255525
126.130083
78.612884
72.611358
79.748674
67.570672
59.666574
47.062978
16.421413
-1.173738
-0.832694
-30.118811
-46.374672
-68.780067
-109.472819
-128.611002
-140.479999
-153.105995
-146.610739
-127.972656
-135.134201
-166.711017
-194.966692
-167.573231
-165.940802
-156.322344
-157.977184
-176.373489
-180.818450
-195.947886
-170.647116
-161.933248
-138.768976
-124.548437
-131.676529
-124.149621
-105.275084
-57.930295
-55.144701
-35.165399
-7.063055
35.009900
76.189774
92.997558
104.353378
107.788543
127.091002
134.309809
144.036894
143.891197
148.079684
185.572406
205.594999
235.499489
203.916578
165.785733
147.896192
139.452194
164.194204
206.870918
223.647726
240.624768
229.694582
221.713298
211.537429
187.788197
172.526211
170.479525
152.063803
142.831683
131.902895
160.445886
153.091677
177.570033
155.838732
126.753113
101.064631
102.948647
106.618461
134.466741
158.411774
132.765629
108.639998
79.405584
90.636887
82.548003
89.797267
68.810289
31.681447
-1.220664
-26.990781
-34.280095
-65.133078
-77.256215
-91.517284
-133.178120
-150.852422
-160.431644
-180.526441
-194.690834
-140.210719
-135.673882
-124.163142
-104.690358
-109.912038
-123.959503
-103.796144
-84.590946
-54.806816
-42.857570
-17.479249
-9.619042
-17.871567
-22.040996
-18.647847
-16.215225
-33.756009
-51.209731
-44.828871
-18.508795
-5.200599
31.317749
34.837072
42.618987
39.243281
20.643484
0.833041
0.690013
-10.725182
-24.049590
-7.171209
-26.479575
-55.745181
-71.856636
-55.046976
-11.702148
3.939528
25.004880
43.584919
62.859848
59.243134
59.693669
57.242076
55.180434
52.915331
42.200107
38.184608
27.446764
27.401411
5.207689
-32.967614
-66.373766
-98.644195
-98.538276
-50.859392
6.835259
45.549261
34.411045
-71.898506
-198.177554
-259.510758
-256.821675
-190.910550
-115.233877
-30.160434
26.920968
32.898228
77.309487
163.517709
234.914346
231.127067
48.617844
-214.333439
-407.907139
-427.795711
-309.552947
-171.001206
-70.182054
15.737911
66.793123
117.256000
109.045348
101.090957
62.641391
7.543385
-46.692269
-103.396560
-138.444878
-168.953533
-159.451364
-169.283654
-174.289766
-199.987983
-212.159579
-215.720382
-194.766708
-173.566628
-151.405322
-152.757735
-140.641905
-141.483130
-149.067229
-147.173622
-159.073047
-151.503485
-128.282577
-123.686247
-134.293751
-125.902319
-145.401257
-154.656711
-134.344281
-117.354545
-84.269362
-90.066431
-88.042862
-86.035498
-95.100043
-89.950329
-109.148387
-112.364830
-88.427932
-88.559348
-85.175441
-60.095154
-31.806621
-14.633756
-22.582851
2.678978
78.808728
145.702990
221.884610
270.300282
271.768123
300.171069
325.372701
334.638090
329.407683
312.670457
292.272186
274.415886
267.879523
236.716737
189.694280
151.086078
122.757285
132.486520
171.790684
194.823790
226.329435
233.927873
230.999175
211.848391
174.166120
138.425848
78.839126
12.011132
-33.626319
-62.666201
-84.371753
-97.822982
-84.862390
-73.455622
-57.961753
-55.934613
-49.935819
-67.316201
-74.984596
-75.825818
-63.597546
-52.623094
-30.481587
-33.943757
-6.693453
19.831994
51.364358
129.344139
199.546780
205.658357
83.609680
-72.410795
-194.648573
-209.410986
-113.037367
7.695050
96.583728
170.425152
238.112989
307.454974
325.634646
331.953322
304.446469
271.892886
218.957517
167.214856
113.428594
67.535948
55.220596
13.794413
-27.685500
-60.265860
-99.909711
-117.426821
-118.030080
-138.238242
-136.154504
-152.192336
-159.601954
-144.901377
-120.584838
-139.475132
-154.940216
-146.513495
-162.971385
-157.557136
-142.158953
-155.826712
-157.256099
-125.309513
-136.467871
-173.118381
-151.051891
-143.764908
-164.781116
-175.320458
-178.856443
-150.317919
-120.078615
-95.954268
-90.910745
-97.168036
-90.537282
-95.319768
-96.622791
-76.557918
-43.265246
-27.582650
-33.511759
-52.256708
-33.645097
-15.874411
3.411279
18.044713
41.650339
74.510800
113.772292
156.548351
212.292882
252.277821
277.335127
307.368457
308.778648
325.389758
329.250139
306.035737
274.181971
211.886477
149.012921
112.124918
118.232186
148.484485
176.692715
180.041765
194.954677
219.614919
215.313129
196.948375
172.185765
141.076671
114.211568
94.700633
56.751358
25.363567
-7.768246
-49.389818
-54.775464
-70.626131
-103.991207
-118.187499
-136.706289
-151.496507
-150.850133
-172.510735
-196.072811
-178.959711
-168.179262
-136.089642
-123.723054
-114.970929
-109.360112
-83.773025
-82.200305
-74.049387
-42.873426
-36.985214
-25.139184
0.007876
4.394105
15.599697
26.844995
41.841522
34.022004
33.358608
57.859656
81.201347
92.597228
95.685265
99.524753
85.729869
86.064699
99.091150
109.061211
104.284063
91.678448
89.235697
91.248790
82.292950
76.646096
52.722991
30.946321
32.274029
35.532024
44.682761
79.552955
99.966664
91.548518
106.472282
124.355356
110.679975
111.280738
115.980197
106.655777
97.186455
96.529465
90.835013
65.277053
58.390539
57.818616
45.937480
35.732578
10.099997
10.348018
-25.293743
-40.537502
-69.606059
-102.209912
-132.004394
-97.143113
-69.997354
-36.502418
4.326461
33.019446
15.253419
-4.539383
-45.447688
-178.940826
-243.171723
-216.757595
-159.804768
-63.741717
5.016444
38.387517
34.273616
72.192227
104.865228
82.869111
66.275058
53.529352
38.914214
15.747830
-0.104403
-25.302220
-58.151185
-68.496352
-83.017636
-99.519822
-112.577424
-138.804952
-136.447368
-140.293637
-149.836406
-134.684327
-143.926154
-136.250570
-150.486311
-167.057225
-173.321668
-159.758521
-165.670830
-153.579756
-158.599077
-148.896031
-129.527650
-123.174903
-120.000220
-113.203624
-97.107090
-98.945366
-96.689130
-94.955579
-78.759020
-61.836481
-68.028099
-81.896569
-62.611127
-54.203887
-50.980533
-19.035195
-3.453148
16.357888
42.797939
63.724736
83.561683
108.729705
123.681422
136.047178
145.669672
148.259538
155.718387
170.568776
161.735132
168.129194
149.533389
151.834001
156.996297
175.543070
184.000266
176.389533
193.915175
182.911160
193.051533
189.811636
179.641635
157.385602
133.460609
128.763467
108.438449
94.654598
90.645760
57.115510
44.740877
22.607955
0.447447
-29.199032
-56.119803
-66.614678
-90.703772
-106.872956
-135.308401
-142.615510
-146.802141
-158.305379
-163.051971
-159.170766
-149.266056
-146.323468
-127.452079
-126.952187
-117.183685
-116.620990
-105.226725
-91.427823
-73.353766
-66.865162
-44.963204
-34.136932
-39.768432
-40.945253
-36.386765
-39.332598
-21.375723
-31.780916
-29.565852
-19.715040
6.593610
12.737403
19.098029
37.822602
58.378446
63.584145
81.744024
80.520088
79.970852
92.513012
74.314745
76.267117
68.503701
48.931953
20.810958
34.920433
60.830216
92.650429
128.795644
148.327586
175.625875
198.116515
199.762994
184.939135
159.097948
88.172208
36.188597
-0.636342
-39.213637
-21.347850
15.025338
54.164286
123.366812
184.984883
229.221406
274.823301
303.893788
298.135846
255.942768
217.327087
174.615759
146.786323
107.092893
63.005598
21.202402
-7.265016
-20.564890
-46.145121
-75.802071
-112.434372
-128.995502
-145.676348
-171.448241
-182.115652
-182.742911
-188.977603
-188.364702
-188.131673
-172.270773
-148.016714
-122.144566
-123.804149
-94.466175
-72.817025
-56.912626
-67.697991
-62.322688
-74.852928
-75.959624
-58.746977
-49.242421
-57.422868
-65.321214
-39.573493
-27.609966
-38.381313
-21.614716
-12.594107
-11.347298
2.211478
-4.471964
7.890920
-2.526570
13.036559
-0.247613
6.577542
25.851710
43.645122
61.029545
108.106942
130.350581
175.240777
205.671968
223.465498
179.073726
140.081861
109.620141
92.786799
91.339139
68.102906
57.503601
41.974371
40.468347
78.788952
119.552097
168.878990
198.349182
192.980282
195.303283
176.040566
163.940365
160.027271
161.569355
124.109916
96.889144
65.290815
5.954540
-21.585678
-52.581257
-76.438684
-81.337866
-102.507680
-125.338260
-141.849471
-166.928055
-178.692520
-191.045242
-205.462343
-205.669981
-206.533068
-216.102203
-205.960605
-215.877045
-207.724428
-196.555166
-184.294751
-177.857067
-162.635153
-154.966893
-162.543350
-185.808958
-172.237319
-156.079696
-97.648636
-48.500808
-0.996333
70.724026
118.613027
169.066490
153.813635
101.529009
34.086683
15.904823
36.631862
55.513655
88.135245
98.169589
92.720457
69.539686
45.064512
29.547549
53.238489
64.892277
106.847261
112.552200
120.393773
117.077950
137.480821
146.514911
140.079303
116.002286
88.586940
37.478090
23.547994
1.703819
33.607984
70.393102
110.745948
103.254314
112.708181
78.264207
42.751128
12.946031
-13.123766
-43.247401
-69.881411
-92.747139
-128.036845
-131.676453
-140.649484
-135.958291
-149.871972
-143.712423
-92.385525
-57.362967
-55.737169
-24.188446
5.110735
10.864985
35.182944
59.013861
67.780351
67.513333
71.839579
58.582115
31.449929
13.126203
18.556690
2.017152
12.505727
30.184009
24.960206
20.982648
29.681169
28.260469
32.778826
-19.398269
-75.262034
-124.065930
-155.637821
-126.550341
-83.425070
-72.694524
-50.821145
-39.593693
-58.621333
-65.006874
-55.828479
-38.533838
-10.062022
38.911832
44.104381
56.300463
60.001183
65.327897
55.282732
52.267409
34.534710
23.218404
24.866526
-0.505723
-21.880286
-34.784469
-41.196476
-68.213855
-61.592131
-60.146090
-75.474428
-71.608278
-83.838426
-73.956542
-83.886952
-94.610015
-101.001184
-114.520196
-126.385477
-128.300965
-116.207771
-110.055752
-117.200797
-112.285937
-119.434252
-125.061796
-118.752150
-89.140087
-96.609937
-111.753714
-86.047881
-45.264174
-50.833899
-49.111716
-28.765774
-12.404412
-12.113551
-7.528152
2.443916
8.869776
19.185608
28.050149
47.296298
50.934865
65.613118
58.305794
46.699997
44.934705
55.182853
68.588592
76.787744
66.327078
67.692844
63.770562
77.207238
59.768054
46.696147
56.785910
55.751107
57.787610
48.033192
69.831064
74.664995
96.109612
96.892600
89.177582
79.459210
88.680947
86.902766
84.658824
86.959401
86.179255
98.962205
87.438653
70.931513
70.323320
